/Users/manoranjans.vc/idea/TestDemo/.venv/bin/python /Users/manoranjans.vc/idea/TestDemo/gcm.py 
/Users/manoranjans.vc/idea/TestDemo/.venv/lib/python3.13/site-packages/google/auth/_default.py:76: UserWarning: Your application has authenticated using end user credentials from Google Cloud SDK without a quota project. You might receive a "quota exceeded" or "API not enabled" error. See the following page for troubleshooting: https://cloud.google.com/docs/authentication/adc-troubleshooting/user-creds. 
  warnings.warn(_CLOUD_SDK_CREDENTIALS_WARNING)
/Users/manoranjans.vc/idea/TestDemo/gcm.py:11: DeprecationWarning: datetime.datetime.utcnow() is deprecated and scheduled for removal in a future version. Use timezone-aware objects to represent datetimes in UTC: datetime.datetime.now(datetime.UTC).
  end_time = datetime.utcnow().replace(tzinfo=pytz.UTC)
5.45
11.216666666666667
0.0
0.0
29.166666666666668
4.166666666666667
1000.7333333333333
2652.95
902.6166666666667
3305.6
1349.6166666666666
2677.3166666666666
1810.35
1445.0833333333333
3138.9666666666667
7157.916666666667
1781.0666666666666
2730.983333333333
2905.1
8230.8
4285.983333333334
2132.383333333333
2242.55
3687.7
2272.0833333333335
1641.1833333333334
2613.5833333333335
2066.2
13788.85
2581.2166666666667
0.0
0.0
0.0
0.0
0.0
21157.716666666667
35278.15
0.0
0.0
31.15
33.5
25.8
16.666666666666668
30.35
73.36666666666666
73.76666666666667
40.8
34.483333333333334
44.96666666666667
34.55
148453.3
145499.11666666667
145681.48333333334
145137.76666666666
138886.95
152976.03333333333
151290.58333333334
142881.13333333333
146948.86666666667
137014.2
148156.4
820.2333333333333
925.1833333333333
1017.85
1244.95
718.0666666666667
1021.7166666666667
551.4166666666666
1044.8333333333333
689.6333333333333
1133.5
946.6333333333333
110461.03333333334
111297.48333333334
98993.41666666667
111896.48333333334
116920.5
108161.01666666666
109986.78333333334
106620.1
111723.66666666667
111375.06666666667
109794.58333333333
56697.3
50506.25
58919.96666666667
58597.55
56274.51666666667
53228.066666666666
59991.9
55708.86666666667
57393.4
62817.11666666667
54082.2
102099.81666666667
113508.21666666666
111720.86666666667
110349.08333333333
112356.45
109667.73333333334
105498.33333333333
110609.06666666667
119653.4
102627.2
109159.63333333333
50.5
55.18333333333333
57.75
48.28333333333333
78.86666666666666
55.35
65.85
49.71666666666667
46.53333333333333
14.133333333333333
0.0
201.46666666666667
184.85
267.6166666666667
153.1
170.58333333333334
165.26666666666668
119.3
140.63333333333333
203.51666666666668
149.18333333333334
131.18333333333334
1505.2666666666667
1551.5
1853.2833333333333
1342.0166666666667
1626.65
1652.8666666666666
1212.0666666666666
1156.55
1958.5833333333333
1591.6166666666666
1724.1833333333334
1008.9166666666666
818.4166666666666
1146.7166666666667
943.4833333333333
756.7
1021.5833333333334
515.4666666666667
1004.6166666666667
1087.5333333333333
1019.7666666666667
872.3333333333334
1209.0333333333333
0.0
0.0
742.8166666666667
387.3
0.0
1030.4333333333334
1009.8666666666667
1173.9666666666667
885.5333333333333
826.0833333333334
764.5
1247.8833333333334
839.5
1147.6333333333334
838.5833333333334
818.0333333333333
234.33333333333334
228.65
261.1666666666667
183.13333333333333
112.65
233.91666666666666
251.0
185.51666666666668
167.56666666666666
243.91666666666666
174.26666666666668
234.65
27.8
186.26666666666668
260.31666666666666
181.38333333333333
180.18333333333334
80.96666666666667
121.0
103.65
58.8
68.98333333333333
339.55
84.25
235.81666666666666
369.65
234.46666666666667
311.3
261.8666666666667
121.85
159.28333333333333
129.65
198.1
168.56666666666666
31.233333333333334
170.03333333333333
171.61666666666667
161.41666666666666
211.08333333333334
159.21666666666667
85.96666666666667
83.58333333333333
132.38333333333333
177.85
151.28333333333333
67.45
140.6
138.16666666666666
230.03333333333333
191.6
171.68333333333334
72.75
94.11666666666666
117.51666666666667
119.66666666666667
2159.9166666666665
2817.3166666666666
2520.1666666666665
2306.2833333333333
1582.9666666666667
2461.05
1045.5833333333333
930.4333333333333
1799.4166666666667
1956.1
1160.0666666666666
5192.95
4782.916666666667
8918.316666666668
4950.533333333334
3164.9166666666665
3330.1833333333334
5714.6
3190.5666666666666
4292.366666666667
4095.85
3130.3333333333335
3017.233333333333
4574.733333333334
4144.383333333333
1528.0333333333333
1561.0666666666666
3609.1666666666665
1054.95
1051.1833333333334
3545.233333333333
6820.366666666667
5863.3
394.21666666666664
158.63333333333333
378.03333333333336
194.03333333333333
332.3
292.3333333333333
260.73333333333335
408.05
387.65
355.03333333333336
302.0833333333333
9.85
23.483333333333334
33.333333333333336
47.416666666666664
12.45
0.0
26.5
39.45
14.966666666666667
17.116666666666667
0.0
23.766666666666666
20.966666666666665
46.75
139.1
43.31666666666667
0.0
48.016666666666666
109.46666666666667
24.833333333333332
28.866666666666667
0.0
16.666666666666668
16.666666666666668
28.866666666666667
37.8
0.0
0.0
26.266666666666666
31.833333333333332
8.566666666666666
16.666666666666668
0.0
1012.3666666666667
1362.15
687.7
1100.05
743.75
843.0
659.8
742.7666666666667
893.0333333333333
1467.3833333333334
1724.95
976.9166666666666
749.1
820.0166666666667
555.25
665.9833333333333
542.4166666666666
843.1666666666666
402.73333333333335
735.7833333333333
984.4333333333333
1488.25
768.6833333333333
1551.1833333333334
691.1333333333333
801.7
868.0666666666667
893.25
715.9333333333333
564.1
1097.0166666666667
955.0333333333333
1776.9833333333333
38.6
42.333333333333336
84.26666666666667
94.25
62.61666666666667
63.78333333333333
37.9
76.71666666666667
182.71666666666667
112.68333333333334
121.06666666666666
148197547.96666667
147803888.61666667
148455690.26666668
149250756.05
149711508.15
149633537.25
150212420.21666667
149149573.11666667
150346909.9
150923337.6
150654834.13333333
845.0
1091.2666666666667
716.1666666666666
997.3166666666667
760.7
1080.3666666666666
834.35
1009.4833333333333
748.75
926.8833333333333
903.7
405.15
471.5833333333333
374.25
369.46666666666664
438.0833333333333
468.48333333333335
384.4166666666667
525.3666666666667
277.0833333333333
627.0833333333334
331.75
42269.433333333334
37455.683333333334
41445.05
38798.03333333333
34254.316666666666
37362.15
38118.23333333333
40069.48333333333
39093.23333333333
37262.65
39429.816666666666
31965.233333333334
25691.333333333332
23086.233333333334
28206.966666666667
25818.533333333333
27944.066666666666
28510.65
23812.483333333334
30290.716666666667
25747.083333333332
24672.0
9615.583333333334
13037.866666666667
8757.816666666668
10685.266666666666
9366.1
11313.15
16364.683333333332
11784.083333333334
17808.2
21269.533333333333
13905.833333333334
16.666666666666668
0.0
7.783333333333333
25.55
0.0
0.0
46924.38333333333
51720.28333333333
45874.333333333336
50916.25
48484.4
51595.48333333333
51815.0
52366.183333333334
49405.25
47535.95
56862.583333333336
84157.71666666666
80578.61666666667
82852.3
85260.13333333333
82703.31666666667
79256.68333333333
77796.31666666667
87876.65
81282.63333333333
87766.55
81753.8
15450.383333333333
15962.233333333334
17859.6
15358.933333333332
14567.933333333332
16521.616666666665
16636.6
15153.116666666667
15587.216666666667
16942.716666666667
13835.5
28.133333333333333
5.2
0.0
22.083333333333332
0.0
16.666666666666668
16.666666666666668
0.0
33.333333333333336
23.35
9.983333333333333
0.0
16.666666666666668
0.0
16.666666666666668
16.666666666666668
0.0
24.166666666666668
25.833333333333332
0.0
2663.9
2995.45
3063.5833333333335
2202.766666666667
3269.0666666666666
2735.483333333333
2745.9166666666665
2704.2
2450.4333333333334
3216.65
2133.7833333333333
0.0
16.3
17.033333333333335
16.666666666666668
0.0
10.1
23.233333333333334
0.0
16.666666666666668
30.95
28.416666666666668
54.55
35.516666666666666
39.25
47.11666666666667
43.78333333333333
37.733333333333334
30.6
47.766666666666666
39.666666666666664
49.46666666666667
45.95
55.766666666666666
51.8
55.13333333333333
57.96666666666667
65.95
43.733333333333334
50.666666666666664
77.78333333333333
24.766666666666666
827.6
686.55
960.2166666666667
540.5
890.0
813.9833333333333
565.1833333333333
730.6333333333333
901.35
802.8166666666667
808.6833333333333
53.666666666666664
52.15
64.26666666666667
50.916666666666664
53.25
30.5
45.65
56.416666666666664
37.85
49.68333333333333
97.33333333333333
22355.333333333332
21120.65
21614.116666666665
22343.25
18353.983333333334
20910.366666666665
19436.333333333332
23398.95
21129.45
19238.2
21790.983333333334
7472.183333333333
5861.6
5217.65
6836.8
4132.233333333334
7540.116666666667
4796.416666666667
7288.383333333333
4871.7
5739.316666666667
6032.85
1909.3333333333333
1654.0333333333333
2390.9333333333334
2006.7333333333333
2260.9666666666667
1641.0333333333333
2496.1
2271.266666666667
1831.6166666666666
2012.7
2245.3333333333335
233688.8
236488.13333333333
234659.63333333333
250492.61666666667
220667.45
229577.85
241889.73333333334
225114.48333333334
234941.35
233086.5
240119.2
3189.5666666666666
2515.85
3572.366666666667
3252.9
3197.3
2868.133333333333
2369.0
4156.65
2761.2833333333333
2869.45
3112.9666666666667
2049.25
2113.3333333333335
1703.45
1851.0166666666667
1893.4166666666667
1389.35
1548.5166666666667
1396.4
1196.8333333333333
1041.5666666666666
1087.8166666666666
82.13333333333334
166.31666666666666
64.48333333333333
78.18333333333334
98.98333333333333
102.88333333333334
115.46666666666667
88.3
151.95
85.4
83.11666666666666
80.0
129.6
59.28333333333333
75.26666666666667
79.55
75.6
109.96666666666667
69.78333333333333
116.83333333333333
82.58333333333333
63.9
33.333333333333336
33.333333333333336
16.666666666666668
0.0
16.666666666666668
0.0
16.666666666666668
0.0
16.666666666666668
0.0
16.666666666666668
98127.26666666666
103309.75
99573.18333333333
104217.0
102179.08333333333
95943.65
93316.71666666666
99969.0
97194.21666666666
87246.26666666666
89573.13333333333
7069.716666666666
6438.066666666667
6486.116666666667
8705.5
6731.15
8301.166666666666
6458.85
9248.716666666667
6998.166666666667
6858.933333333333
7882.433333333333
877409.4166666666
863091.6833333333
900530.55
883356.2
864820.3833333333
905377.1666666666
899431.6166666667
866871.5166666667
929196.8333333334
864798.1
911892.4833333333
11912795.016666668
11962808.033333333
12130798.766666668
12357918.85
12018226.583333334
11814599.566666666
12395773.6
12083803.616666667
12211234.483333332
12046493.966666667
11842652.416666666
1688910.2833333334
1746799.5333333334
1618259.7833333334
1646343.7166666666
1686666.8333333333
1704153.6333333333
1694725.6
1671110.3833333333
1601212.45
1736379.2833333334
1573360.3166666667
118867.66666666667
117458.13333333333
130662.38333333333
111047.56666666667
127303.13333333333
115906.08333333333
109723.21666666666
124506.13333333333
120085.91666666667
116654.38333333333
116850.26666666666
1971031.8333333333
1801345.35
1872206.5666666667
1810113.85
1874725.4166666667
2050677.6
1755022.8
1819896.2666666666
1816131.3833333333
1898199.3166666667
1855718.8
1059418.5666666667
1074600.4666666666
1059105.7333333334
1033330.7166666667
1061830.2166666666
1037305.5833333334
1034783.7333333333
1037745.8166666667
1042307.2833333333
1034381.9833333333
1049038.3166666667
29088293.233333334
28895785.533333335
29555536.8
29139265.333333332
29160384.7
29312528.483333334
29258384.016666666
29448624.133333333
28861860.233333334
28746843.766666666
29315163.1
29703.133333333335
38193.166666666664
36652.21666666667
27329.966666666667
38109.333333333336
36997.8
32398.583333333332
38260.51666666667
33974.683333333334
36926.75
36022.73333333333
1433293.0833333333
1402188.8
1412277.35
1396900.0166666666
1372875.7833333334
1375883.6333333333
1365689.0333333334
1352112.8833333333
1362117.4166666667
1396458.7
1364962.15
91178.33333333333
88122.65
94191.31666666667
92770.71666666666
90361.61666666667
92796.0
98938.6
97982.71666666666
91839.96666666666
88692.6
92064.56666666667
1196528.6
1175131.3
1187917.45
1182472.25
1190238.3333333333
1184258.7
1183575.95
1176059.5666666667
1188300.4333333333
1185786.8666666667
1175137.8
10260183.216666667
10329098.283333333
10406765.866666667
10223872.433333334
10434301.0
10287560.45
10177804.283333333
10456907.516666668
10519506.966666667
10085380.833333334
10647215.283333333
2887.55
3695.0666666666666
2844.55
3035.55
2723.516666666667
2650.766666666667
3317.0333333333333
3178.1666666666665
2289.0833333333335
2869.85
3306.766666666667
52.13333333333333
33.78333333333333
63.1
42.85
61.06666666666667
68.25
59.56666666666667
48.65
46.85
55.833333333333336
58.81666666666667
82.2
57.3
93.76666666666667
70.61666666666666
109.93333333333334
80.33333333333333
116.48333333333333
61.55
54.65
70.85
104.51666666666667
351.3333333333333
250.6
487.81666666666666
453.8666666666667
226.9
283.75
343.1666666666667
562.9333333333333
211.08333333333334
283.6666666666667
205.33333333333334
150.1
299.76666666666665
14.416666666666666
40.06666666666667
13.566666666666666
44.28333333333333
84.38333333333334
379.25
739.2
465.28333333333336
457.6666666666667
727.5666666666667
1196.85
738.45
1118.6166666666666
842.3166666666667
997.55
710.0166666666667
912.7666666666667
1190.3
680.9166666666666
1104.3666666666666
427.3333333333333
304.3333333333333
418.5833333333333
353.68333333333334
296.18333333333334
414.7
432.0
408.3833333333333
439.46666666666664
375.9166666666667
373.1333333333333
559.9166666666666
515.25
407.35
503.28333333333336
539.0833333333334
444.0833333333333
680.65
563.0333333333333
448.6666666666667
586.3333333333334
490.4
33344.15
36004.75
32809.36666666667
35126.9
36573.55
36462.25
37454.45
36634.21666666667
30459.016666666666
40634.61666666667
33700.166666666664
63471.7
67554.63333333333
68417.7
67372.86666666667
66129.96666666666
69944.7
68519.01666666666
66341.61666666667
69086.6
74455.88333333333
69748.73333333334
1723.7666666666667
2313.133333333333
1436.4166666666667
2094.3333333333335
1599.4666666666667
2026.8833333333334
1556.3833333333334
1629.8333333333333
1621.5
1900.7666666666667
1848.45
2777.633333333333
2158.6
3044.7166666666667
2339.95
2796.633333333333
1962.3833333333334
2041.0666666666666
3025.55
2036.7166666666667
2748.483333333333
2726.7833333333333
44.15
35.8
46.31666666666667
41.0
50.0
41.25
47.6
47.65
37.733333333333334
47.483333333333334
37.71666666666667
50.13333333333333
32.81666666666667
52.35
45.516666666666666
92.21666666666667
40.266666666666666
77.46666666666667
36.45
44.1
71.91666666666667
44.86666666666667
11981.233333333334
13031.05
15170.433333333332
11638.75
13090.016666666666
13527.766666666666
12740.683333333332
12859.9
12325.516666666666
14068.55
12569.016666666666
1533.2
1715.2333333333333
1690.9833333333333
2020.9333333333334
1685.7833333333333
1751.8166666666666
1078.4
1954.5666666666666
1730.65
1588.2
1830.5
1448.25
1860.4166666666667
1655.8
1731.1333333333334
2337.6833333333334
1328.7833333333333
1808.2833333333333
1818.1
1227.5666666666666
1524.3833333333334
2306.9166666666665
19090.466666666667
22904.816666666666
18260.533333333333
22654.133333333335
20034.45
18285.033333333333
22725.233333333334
20788.883333333335
22563.516666666666
18312.866666666665
20666.633333333335
22405.933333333334
20278.65
22678.783333333333
20839.266666666666
22530.116666666665
20334.083333333332
23130.933333333334
20118.183333333334
21913.633333333335
21604.183333333334
20053.216666666667
247.7
161.71666666666667
242.08333333333334
254.51666666666668
192.06666666666666
201.11666666666667
221.1
194.01666666666668
201.91666666666666
198.43333333333334
229.28333333333333
24085.6
28685.283333333333
30053.566666666666
27931.633333333335
26866.433333333334
30155.566666666666
26524.3
27599.766666666666
27304.666666666668
29315.5
28452.716666666667
1789.5666666666666
2194.766666666667
1705.9
2010.2833333333333
2108.9666666666667
2257.2833333333333
2010.55
2207.85
1904.4666666666667
1875.8666666666666
1993.2
27.85
33.333333333333336
33.333333333333336
33.333333333333336
33.333333333333336
42.38333333333333
33.333333333333336
28.15
21.85
24.95
35.333333333333336
20.633333333333333
28.85
30.05
33.03333333333333
42.266666666666666
43.733333333333334
33.333333333333336
37.71666666666667
12.283333333333333
33.333333333333336
38.93333333333333
16.666666666666668
16.666666666666668
16.666666666666668
0.0
0.0
16.666666666666668
16.666666666666668
16.666666666666668
0.0
0.0
0.0
0.0
13.85
2.816666666666667
16.666666666666668
16.666666666666668
0.0
16.666666666666668
15.883333333333333
0.7833333333333333
32412.466666666667
37343.15
29479.133333333335
34816.816666666666
33282.53333333333
35054.433333333334
37321.71666666667
34284.666666666664
31423.25
33988.96666666667
35757.71666666667
99275.98333333334
96762.76666666666
96535.73333333334
92291.81666666667
99488.55
91873.96666666666
98527.5
91736.46666666666
96876.7
96799.38333333333
97357.38333333333
294833.5
289680.7166666667
313747.6
304957.98333333334
284899.5333333333
307309.1
296556.13333333336
300821.61666666664
303271.0833333333
295827.61666666664
301448.15
16143.0
17688.95
16546.233333333334
17474.533333333333
17309.483333333334
16360.166666666666
15781.15
16609.4
17986.55
17331.033333333333
14891.066666666668
1307.55
1352.2
1306.4833333333333
1465.1166666666666
1414.5833333333333
1537.0833333333333
1556.05
1483.9833333333333
1443.5666666666666
1551.6333333333334
1485.7833333333333
82.43333333333334
50.8
16.666666666666668
50.733333333333334
55.333333333333336
84.1
68.65
62.63333333333333
92.58333333333333
84.51666666666667
46.36666666666667
1382447.3666666667
1406853.7333333334
1390435.9333333333
1385119.3166666667
1366878.7666666666
1359447.9833333334
1359329.0166666666
1389838.75
1394242.6666666667
1378453.9166666667
1399203.0833333333
322797.5333333333
323031.4
324121.31666666665
322700.01666666666
320787.65
320748.98333333334
321431.65
324115.85
323235.7833333333
323266.38333333336
326468.56666666665
99295.76666666666
112823.06666666667
106615.53333333334
109297.96666666666
112230.23333333334
109667.55
115512.75
118020.13333333333
123078.46666666666
115127.38333333333
102351.48333333334
201573.43333333332
201694.66666666666
201240.81666666668
201654.46666666667
202848.35
201517.96666666667
201921.7
204526.61666666667
205173.66666666666
204288.36666666667
199255.78333333333
1262522.95
1245778.2166666666
1249616.7666666666
1256508.5
1254749.1166666667
1239007.8666666667
1249182.8166666667
1255873.8
1271928.9333333333
1272003.25
1243718.7166666666
258.0833333333333
209.23333333333332
320.3666666666667
312.53333333333336
258.98333333333335
158.76666666666668
181.48333333333332
205.8
181.7
101.83333333333333
161.58333333333334
2388.1666666666665
1785.4333333333334
2727.5
2339.4166666666665
2534.75
1188.3666666666666
1581.6
1272.6166666666666
1618.55
722.1
1558.7666666666667
10859660.65
10459918.75
10889481.816666666
10580409.116666667
10634881.466666667
11095164.95
10466043.55
10552770.533333333
11162106.583333334
10485556.666666666
11049816.8
20229.95
22640.166666666668
23451.733333333334
21291.2
21357.266666666666
19264.4
19044.666666666668
22790.016666666666
19016.0
22135.716666666667
20828.666666666668
37.166666666666664
0.0
39.46666666666667
30.133333333333333
34.9
41.75
30.133333333333333
36.53333333333333
17.666666666666668
25.716666666666665
41.61666666666667
35.9
38.36666666666667
26.683333333333334
39.983333333333334
33.333333333333336
28.583333333333332
38.083333333333336
49.43333333333333
0.5666666666666667
27.033333333333335
39.63333333333333
25.116666666666667
42.11666666666667
220.25
225.4
265.8333333333333
198.53333333333333
231.88333333333333
224.98333333333332
224.28333333333333
236.31666666666666
237.01666666666668
227.28333333333333
232.9
47.15
779.05
1134.25
744.65
726.2166666666667
670.5666666666667
487.15
817.2166666666667
536.6333333333333
735.5333333333333
895.8833333333333
661.6333333333333
1639.75
4631.516666666666
1784.9666666666667
1138.6666666666667
1566.8333333333333
883.95
1240.7
1469.4666666666667
1349.85
999.65
1248.5666666666666
721.9
2679.85
775.3666666666667
748.7
795.7166666666667
732.65
524.4833333333333
814.7666666666667
751.5166666666667
736.3666666666667
550.7166666666667
8.633333333333333
10.55
39.45
33.333333333333336
25.95
34.93333333333333
22.45
33.333333333333336
16.666666666666668
16.666666666666668
0.0
25600.45
19738.833333333332
29408.15
25958.083333333332
28059.083333333332
43023.6
33921.36666666667
43765.683333333334
32984.0
25794.533333333333
27332.666666666668
6266.383333333333
5202.083333333333
6335.616666666667
6733.7
5621.333333333333
8142.55
8341.7
8295.35
7526.266666666666
6187.15
5066.283333333334
27583.583333333332
27754.0
26716.15
27759.45
26148.833333333332
24140.416666666668
25549.2
24352.966666666667
29030.333333333332
21401.066666666666
35570.183333333334
424.76666666666665
553.4333333333333
392.56666666666666
454.2
425.0833333333333
466.45
399.3
511.8666666666667
338.93333333333334
295.96666666666664
558.9833333333333
14216.716666666667
14173.0
16004.633333333333
15398.116666666667
13552.933333333332
14102.4
14472.333333333334
14461.166666666666
13585.833333333334
16199.4
13612.616666666667
16.666666666666668
8.2
58.1
33.333333333333336
36.65
33.333333333333336
25.733333333333334
19.05
21.883333333333333
111.48333333333333
173.7
66.05
78.01666666666667
104.38333333333334
51.3
95.2
88.73333333333333
105.18333333333334
65.95
74.38333333333334
35.43333333333333
36.46666666666667
45.5
49.666666666666664
45.016666666666666
26.85
35.36666666666667
32.28333333333333
41.833333333333336
159.56666666666666
169.7
116.95
121.1
140.91666666666666
108.21666666666667
112.88333333333334
116.18333333333334
103.68333333333334
83.58333333333333
73.58333333333333
8.283333333333333
25.05
0.0
0.0
16.666666666666668
16.666666666666668
16.666666666666668
10.883333333333333
5.783333333333333
0.0
30.783333333333335
16.066666666666666
17.266666666666666
0.0
0.0
16.666666666666668
16.666666666666668
16.666666666666668
16.666666666666668
0.0
0.0
33.333333333333336
79.2
78.1
52.35
103.25
142.4
98.51666666666667
87.23333333333333
107.35
102.43333333333334
112.06666666666666
97.13333333333334
17174.4
12645.633333333333
14573.0
17723.733333333334
14945.75
14397.0
15663.633333333333
14912.266666666666
15709.2
15186.483333333334
15711.916666666666
4315.333333333333
4491.8
4204.4
3610.016666666667
4685.083333333333
4577.316666666667
4425.516666666666
4774.066666666667
4412.2
3989.733333333333
4846.45
213.95
290.1
265.0833333333333
259.75
364.05
178.75
386.73333333333335
553.5
464.9166666666667
611.3166666666667
482.8833333333333
5261.816666666667
7088.116666666667
5150.883333333333
7262.433333333333
5364.983333333334
15762.116666666667
25086.466666666667
44240.25
47083.5
57793.85
49591.75
3272.6
3837.95
3407.483333333333
3864.85
4452.533333333334
7706.583333333333
14476.483333333334
27403.1
29585.066666666666
27953.7
32468.1
29553.266666666666
3440.633333333333
5893.183333333333
8357.333333333334
4066.95
6858.516666666666
7640.466666666666
4773.4
3049.5666666666666
11556.683333333332
12479.583333333334
12282.083333333334
12599.75
12808.133333333333
12582.716666666667
12579.916666666666
12896.55
13510.766666666666
11805.116666666667
12262.883333333333
83561.98333333334
12305.283333333333
19856.133333333335
22226.883333333335
12729.2
17385.616666666665
23153.233333333334
16776.016666666666
8840.4
52107.65
63773.9
65098.933333333334
66641.71666666666
66204.08333333333
64581.066666666666
65425.7
66806.76666666666
69773.23333333334
52982.51666666667
74826.13333333333
46045.71666666667
6597.566666666667
8699.416666666666
13855.483333333334
5797.3
9411.75
12711.533333333333
9150.466666666667
3707.133333333333
12995.016666666666
16012.45
12993.716666666667
17599.1
14648.616666666667
14800.466666666667
16836.15
16232.616666666667
16027.416666666666
15405.4
16540.966666666667
118.66666666666667
144.01666666666668
167.98333333333332
136.23333333333332
127.51666666666667
198.7
166.76666666666668
122.46666666666667
115.56666666666666
5771.633333333333
6286.416666666667
6997.966666666666
6281.3
5842.166666666667
6024.866666666667
5724.55
6055.083333333333
5671.533333333334
5905.3
5806.016666666666
2828.016666666667
4605.966666666666
5291.683333333333
4578.533333333334
5532.783333333334
5134.183333333333
5288.466666666666
4943.716666666666
3741.9166666666665
12126.3
13177.933333333332
12477.2
13550.983333333334
13089.65
12174.6
11493.916666666666
13369.616666666667
13096.916666666666
11985.316666666668
12677.433333333332
619.3
729.9
937.3666666666667
694.35
1112.9333333333334
774.25
696.5666666666667
849.95
826.8333333333334
828.6833333333333
866.3666666666667
184.4
169.91666666666666
231.5
244.16666666666666
273.21666666666664
258.1166666666667
173.36666666666667
256.25
211.41666666666666
266.1
188.61666666666667
213.21666666666667
166.68333333333334
130.26666666666668
161.56666666666666
206.65
204.96666666666667
283.43333333333334
153.25
228.9
162.73333333333332
280.4
1353.1
1185.0666666666666
1651.4833333333333
1757.65
1044.9166666666667
1310.2166666666667
1397.1
1368.3666666666666
1183.4833333333333
1175.8666666666666
1703.1
58.3
59.31666666666667
58.266666666666666
67.95
92.1
160.43333333333334
960.5833333333334
2235.35
3001.0
2686.4
2334.366666666667
2174.9166666666665
1995.4166666666667
2786.55
1683.3166666666666
2225.5833333333335
1998.3333333333333
2272.483333333333
2259.016666666667
2939.6833333333334
3569.4
2547.116666666667
3049.1833333333334
2928.983333333333
3027.1
3041.383333333333
2524.55
3354.733333333333
2586.1666666666665
3266.25
4358.65
4198.883333333333
3979.0
0.0
77.01666666666667
101017.33333333333
174680.51666666666
171172.7
177051.93333333332
151586.58333333334
166204.96666666667
162127.16666666666
169584.93333333332
158242.33333333334
183869.5
179891.23333333334
196548.36666666667
189565.03333333333
188151.51666666666
196482.13333333333
191068.11666666667
195714.26666666666
180582.71666666667
191654.4
199597.61666666667
0.0
0.0
242370.75
403674.2
373597.95
404358.61666666664
397608.4666666667
366463.18333333335
418007.6666666667
377697.15
386651.35
491207.73333333334
438217.26666666666
495449.6
461210.95
461327.98333333334
478662.63333333336
435832.7
472702.2833333333
471914.85
454728.65
472907.95
0.0
88909.96666666666
154849.3
146403.41666666666
148761.6
148980.86666666667
143892.63333333333
143662.48333333334
143316.6
151821.88333333333
156549.23333333334
172222.63333333333
166268.7
161349.95
161917.06666666668
168448.33333333334
168970.26666666666
170843.58333333334
161393.3
171540.38333333333
171370.93333333332
85.01666666666667
66.73333333333333
93.01666666666667
93.9
76.56666666666666
61.266666666666666
72.53333333333333
97.3
82.41666666666667
122.75
114.75
116987.05
120475.95
120001.6
119724.48333333334
127918.1
113410.33333333333
127827.58333333333
108956.18333333333
126126.2
117932.0
133377.41666666666
38236.816666666666
37816.066666666666
37626.833333333336
36516.15
39534.85
37822.23333333333
42235.13333333333
33996.63333333333
41550.25
37225.75
37401.23333333333
546.5666666666667
355.0
183.76666666666668
241.88333333333333
254.7
218.65
201.91666666666666
229.18333333333334
200.28333333333333
164.8
160.13333333333333
13611.3
13880.883333333333
15225.733333333334
12504.166666666666
14902.833333333334
15881.366666666667
23311.083333333332
36987.316666666666
34809.95
24965.7
21956.4
134101.91666666666
162640.75
172957.0
149532.05
166970.31666666668
184760.76666666666
266960.5
487018.88333333336
423964.56666666665
349530.61666666664
226740.06666666668
13134.283333333333
13745.583333333334
14914.05
14268.233333333334
13259.366666666667
15942.4
19889.816666666666
39532.36666666667
36386.5
25002.316666666666
18596.366666666665
76071.16666666667
58622.13333333333
82059.88333333333
70978.11666666667
57859.98333333333
73029.8
66788.25
81985.13333333333
55652.15
72679.4
67774.78333333334
0.0
21717.583333333332
33940.1
44584.98333333333
28676.216666666667
40456.316666666666
40529.566666666666
35773.5
39080.15
28104.683333333334
35.03333333333333
0.0
107.63333333333334
0.0
0.0
12180.583333333334
4901.416666666667
5273.466666666666
5814.033333333334
5204.316666666667
5780.066666666667
4601.05
6721.633333333333
4410.116666666667
5916.7
0.0
7569.833333333333
3453.3
3620.9166666666665
3250.9333333333334
3595.7166666666667
3040.9
3362.8
4242.0
3256.483333333333
3313.7833333333333
1267.3333333333333
16447.333333333332
8357.15
6021.616666666667
7409.783333333334
7594.65
7157.216666666666
7078.416666666667
6485.316666666667
7718.05
6320.833333333333
190.56666666666666
9255.983333333334
5013.966666666666
4827.616666666667
4659.816666666667
5357.133333333333
4508.916666666667
4796.383333333333
5372.916666666667
4511.966666666666
5250.55
208806.8
211364.5
219118.73333333334
214087.56666666668
213031.46666666667
198801.26666666666
207786.1
223867.45
231180.43333333332
217440.76666666666
206970.78333333333
1932382.3333333333
1842376.5333333334
1924368.4833333334
1960086.1666666667
1875185.4166666667
1954358.0833333333
1974699.05
1903772.9666666666
1909709.8166666667
1881459.2666666666
1901298.1
20692.516666666666
15692.2
18765.566666666666
19674.783333333333
20046.416666666668
16370.033333333333
19389.116666666665
17117.466666666667
15847.766666666666
18559.633333333335
17027.766666666666
8696.4
10131.55
11059.316666666668
10034.783333333333
11282.166666666666
9563.05
9801.9
10541.316666666668
10868.283333333333
9448.25
9202.033333333333
73.83333333333333
54.233333333333334
44.766666666666666
44.45
64.75
56.86666666666667
60.65
58.25
39.983333333333334
46.733333333333334
36.483333333333334
21.433333333333334
28.033333333333335
37.9
37.81666666666667
38.45
35.25
16.666666666666668
19.933333333333334
39.71666666666667
32.63333333333333
42.78333333333333
150363.21666666667
130576.08333333333
149712.16666666666
146426.13333333333
146546.6
139980.91666666666
140712.93333333332
145566.33333333334
155936.55
142117.65
138648.23333333334
77.26666666666667
57.43333333333333
56.65
78.38333333333334
68.2
79.86666666666666
82.51666666666667
90.06666666666666
79.0
80.16666666666667
75.23333333333333
3016.7166666666667
2276.883333333333
3015.6833333333334
3307.55
2932.383333333333
2185.5833333333335
3233.266666666667
3013.55
3148.3
2566.75
2960.5
718.3666666666667
906.3833333333333
725.85
548.0166666666667
903.1833333333333
751.9166666666666
622.0
750.6833333333333
891.4666666666667
550.9833333333333
745.3166666666667
41.583333333333336
55.483333333333334
62.18333333333333
53.983333333333334
85.53333333333333
42.416666666666664
77.53333333333333
48.233333333333334
74.73333333333333
35.93333333333333
69.7
6289.8
6848.2
6115.283333333334
5961.1
6742.266666666666
6385.6
6132.55
5219.933333333333
6508.383333333333
6458.583333333333
5206.716666666666
916.3333333333334
1122.9666666666667
904.1333333333333
1150.55
970.6
1165.3833333333334
974.65
1010.6666666666666
817.2166666666667
1164.1166666666666
822.7
992.9333333333333
923.2166666666667
683.4666666666667
1084.3666666666666
842.5
1024.5666666666666
927.1
832.0833333333334
902.1
893.6333333333333
921.2
110593.61666666667
103392.78333333334
114550.23333333334
115515.98333333334
112287.98333333334
105673.05
104535.01666666666
111842.45
108927.38333333333
105590.23333333334
110659.56666666667
106404.5
103614.48333333334
118437.58333333333
108236.28333333334
108150.16666666667
114563.36666666667
113947.06666666667
104063.18333333333
112512.31666666667
107939.28333333334
103613.45
60.483333333333334
58.016666666666666
56.71666666666667
30.783333333333335
64.0
35.833333333333336
59.5
55.63333333333333
34.233333333333334
27.3
0.0
9867.733333333334
8962.016666666666
9210.15
8716.916666666666
7531.416666666667
7472.783333333334
8591.283333333333
9163.483333333334
9364.1
6436.45
10109.433333333332
37538.666666666664
43588.8
37392.38333333333
44636.0
40387.416666666664
40531.183333333334
37068.71666666667
46384.85
40173.28333333333
32771.21666666667
46963.833333333336
178.55
225.33333333333334
158.98333333333332
227.68333333333334
155.21666666666667
180.35
152.8
149.45
280.31666666666666
163.91666666666666
151.98333333333332
1721.3666666666666
1180.9333333333334
1769.6666666666667
1796.1833333333334
1189.45
1791.6666666666667
1486.9666666666667
1639.7333333333333
1392.2333333333333
1435.6
1154.7666666666667
1050.7833333333333
593.8833333333333
931.8166666666667
986.6666666666666
708.75
846.9666666666667
810.9166666666666
911.9333333333333
1106.9333333333334
718.5166666666667
869.9
946.2
1009.1333333333333
1014.9666666666667
1068.95
698.5833333333334
933.4
1251.6
976.5
785.6
1003.2333333333333
884.9
0.0
2512.4166666666665
478.8833333333333
438.98333333333335
530.6666666666666
540.65
571.35
596.2
728.2833333333333
802.6166666666667
967.8
1826.0166666666667
605.9833333333333
944.1166666666667
690.6333333333333
682.5333333333333
521.85
785.0333333333333
610.55
574.8666666666667
715.3666666666667
479.85
835.6666666666666
236953.1
317462.38333333336
264187.3
247749.76666666666
330465.23333333334
341926.18333333335
285565.43333333335
285463.7833333333
248972.81666666668
305898.25
264031.1666666667
321375.7166666667
348505.25
345865.43333333335
338644.2166666667
429386.86666666664
324652.13333333336
361452.6
320144.06666666665
343660.35
342648.4
318338.0333333333
15067.15
23465.55
13343.6
16140.033333333333
15036.883333333333
25408.516666666666
30074.6
70869.45
72062.51666666666
69424.03333333334
57413.85
0.0
0.0
28.466666666666665
4.866666666666666
0.0
34609.183333333334
61023.7
27271.433333333334
76524.95
41960.65
66065.91666666667
39254.86666666667
102916.7
74321.91666666667
102920.53333333334
58774.28333333333
47310.1
82064.26666666666
44424.933333333334
117233.41666666667
77268.18333333333
101090.71666666666
73745.48333333334
141795.6
101083.21666666666
153193.58333333334
82969.95
5736722.2
5832126.8
5988149.016666667
5928559.85
5665449.683333334
5721754.466666667
5600504.983333333
5876152.216666667
5899056.316666666
5561472.533333333
5564016.966666667
130.05
130.81666666666666
218.36666666666667
224.76666666666668
16.666666666666668
104.7
171.33333333333334
166.63333333333333
39.88333333333333
167.48333333333332
3390.75
3432.0666666666666
4148.5
3745.65
4089.5
4222.183333333333
3589.35
4282.45
4390.683333333333
3294.4666666666667
4504.166666666667
3469.6
3254.6833333333334
3299.6
3548.5
3050.3166666666666
3846.05
3406.4333333333334
3268.4
3487.633333333333
4006.6833333333334
2726.45
3106.05
3091.5666666666666
3613.7833333333333
4363.016666666666
3616.55
3317.2
3709.133333333333
4245.466666666666
4329.083333333333
3795.4166666666665
3692.35
1443493.7
1470708.6
1977924.9833333334
3234155.3833333333
2021556.1833333333
1104594.8333333333
1419974.9166666667
2418080.216666667
539596.0833333334
1304547.15
2551230.6166666667
427681.4166666667
2260590.1166666667
826170.0666666667
1305564.75
3212950.4166666665
257796.56666666668
398169.31666666665
3744757.0166666666
1486457.2333333334
295850.0833333333
2287151.8833333333
0.0
0.0
85.98333333333333
46.13333333333333
122.61666666666666
83.46666666666667
60.96666666666667
123.08333333333333
139.13333333333333
0.0
45.05
110.1
86.2
184.53333333333333
96.78333333333333
118.35
144.63333333333333
131.8
61.05
103.35
120.41666666666667
133.31666666666666
5828.8
5358.95
6563.633333333333
5225.2
4986.65
4456.6
5248.383333333333
3239.75
4849.6
4159.933333333333
4138.983333333334
1373.1666666666667
1194.2333333333333
1442.0666666666666
1354.3833333333334
1036.6833333333334
4290.083333333333
1626.5666666666666
1820.2
649.05
667.4166666666666
1025.3166666666666
30.8
2.533333333333333
16.666666666666668
16.666666666666668
0.0
8.866666666666667
22.283333333333335
2.183333333333333
16.666666666666668
32.15
17.85
27.333333333333332
6.25
16.666666666666668
16.666666666666668
0.0
9.483333333333333
23.85
0.0
19.616666666666667
30.383333333333333
8.633333333333333
857.8166666666667
393.5833333333333
28.3
0.0
0.0
106.56666666666666
13.85
0.0
77.61666666666666
42.81666666666667
0.0
1481.6333333333334
189.38333333333333
25.866666666666667
0.0
73.43333333333334
42.266666666666666
0.0
75.88333333333334
44.28333333333333
0.0
174.35
159.7
1146.5333333333333
296.43333333333334
121.96666666666667
102.4
154.86666666666667
190.31666666666666
80.8
80.26666666666667
83.03333333333333
2312732.85
2069009.6
2369647.216666667
3152968.5
3226896.95
3620277.2666666666
4027511.6166666667
3515728.8833333333
4723751.416666667
3616415.3333333335
2774009.216666667
4834.633333333333
13054.35
7475.633333333333
5738.966666666666
4990.233333333334
5529.233333333334
5300.45
10861.75
32061.9
5788.716666666666
4431.116666666667
17433.866666666665
27301.8
30238.9
25422.9
26001.383333333335
24385.366666666665
21388.95
20179.366666666665
20333.816666666666
17315.5
18046.75
33454.9
32542.7
47663.46666666667
30350.516666666666
40262.25
23798.95
31641.783333333333
27631.566666666666
25179.883333333335
23359.983333333334
26643.866666666665
21.616666666666667
0.0
984.8333333333334
1036.3
943.7333333333333
450.71666666666664
797.8333333333334
510.65
191.78333333333333
294.01666666666665
466.2
1173.6333333333334
2621.6
7335.583333333333
4932.916666666667
5132.416666666667
2706.9166666666665
1997.1333333333334
3647.233333333333
2760.1666666666665
514.9
4676.116666666667
10496.366666666667
12839.683333333332
1273.3333333333333
2636.1833333333334
1120.6
961.3166666666667
470.2
1275.3833333333334
546.0166666666667
549.55
1130.85
2130.3333333333335
4533.166666666667
1316.5333333333333
3581.1666666666665
1671.3666666666666
2245.45
2081.35
2387.75
748.5
1319.7833333333333
1251.5166666666667
2273.5333333333333
4539.933333333333
626.9
452.96666666666664
551.7666666666667
462.2
624.25
574.9
496.68333333333334
427.1
584.9
590.4833333333333
525.9
165163.71666666667
306327.35
309914.43333333335
315561.56666666665
244257.38333333333
274176.48333333334
294764.45
274159.51666666666
342990.9
229230.11666666667
209282.61666666667
34.833333333333336
33.21666666666667
60.56666666666667
16.666666666666668
33.333333333333336
36.36666666666667
33.11666666666667
33.55
32.28333333333333
28.333333333333332
39.38333333333333
2674.35
2973.116666666667
4748.133333333333
3376.3
2599.45
1933.9833333333333
2315.616666666667
1845.8666666666666
2084.45
2082.4333333333334
2122.9
2210.1666666666665
2547.633333333333
4792.45
2258.883333333333
2349.6666666666665
1758.0
2587.1
1103.6
2385.633333333333
1368.4
1668.2166666666667
5190.866666666667
7583.066666666667
7948.35
7333.916666666667
8330.533333333333
12627.7
5061.15
6432.483333333334
7081.583333333333
7655.8
6013.483333333334
34378.78333333333
68772.71666666666
68216.3
33695.86666666667
27662.383333333335
25607.983333333334
34808.4
35283.13333333333
38954.48333333333
27673.816666666666
41087.36666666667
498954.15
471673.73333333334
468797.88333333336
453824.2833333333
462236.85
474407.43333333335
463630.6
471758.1666666667
468565.25
448972.2
478937.0333333333
182191.18333333332
165456.75
140131.76666666666
174755.93333333332
145011.18333333332
152852.13333333333
165975.05
158282.38333333333
171519.18333333332
176585.93333333332
149478.18333333332
25.25
3.1666666666666665
44.55
5.45
0.0
16.666666666666668
29.466666666666665
3.8666666666666667
0.0
20.666666666666668
1703.3833333333334
1678.35
2062.366666666667
1718.0833333333333
1984.1833333333334
2150.9333333333334
3710.983333333333
4549.45
4864.55
4138.8
3662.3333333333335
67419.38333333333
64506.566666666666
67676.26666666666
66367.58333333333
61560.25
62294.61666666667
68349.78333333334
67464.25
60708.583333333336
68463.3
66086.31666666667
14.233333333333333
2.433333333333333
0.0
0.0
0.0
11.4
21.933333333333334
16.666666666666668
16.666666666666668
0.0
0.0
152315419.51666668
153291898.9
153922106.23333332
154286895.45
154710745.68333334
154310206.63333333
155289730.81666666
155845846.53333333
154145940.73333332
156103957.6
153723836.38333333
1953.2666666666667
1615.9666666666667
1962.7666666666667
2166.9
1612.6333333333334
1892.4333333333334
2065.7833333333333
1768.35
1956.7333333333333
1719.75
2203.9333333333334
84805.91666666667
80471.13333333333
82950.76666666666
88512.71666666666
81576.95
83085.13333333333
82491.13333333333
85307.18333333333
83533.61666666667
84965.28333333334
85489.58333333333
59856.73333333333
58975.316666666666
58604.75
55770.21666666667
58621.75
58787.083333333336
61137.433333333334
54240.183333333334
62689.85
60321.55
54526.71666666667
299612.73333333334
288293.5
273303.5333333333
304632.18333333335
294164.9666666667
292748.3
303878.75
297058.8333333333
307635.6666666667
299286.6
321547.7
4324.066666666667
6077.4
3678.516666666667
5169.816666666667
5238.7
5103.95
5862.883333333333
4899.5
4902.333333333333
5204.416666666667
4576.766666666666
1392.2333333333333
1617.35
1273.0333333333333
1559.05
1631.6
1446.7333333333333
1503.3666666666666
1309.5
1358.1
1638.6
1303.6
529.9333333333333
668.0833333333334
718.4166666666666
873.95
823.3833333333333
532.25
846.7333333333333
611.9666666666667
798.55
877.6333333333333
652.4833333333333
143.8
293.25
199.4
309.8333333333333
226.91666666666666
280.31666666666666
233.61666666666667
250.53333333333333
256.56666666666666
259.5
223.16666666666666
12336.3
17518.616666666665
14166.016666666666
14219.783333333333
17542.1
15278.966666666667
13482.4
17954.333333333332
14612.566666666668
15103.533333333333
16082.816666666668
16396.316666666666
114479.5
53785.35
32773.73333333333
109866.65
56265.01666666667
79206.76666666666
53996.15
49789.0
30017.2
166836.93333333332
0.0
58904.916666666664
156597.75
69318.91666666667
66479.43333333333
155774.38333333333
68954.36666666667
61893.433333333334
149874.41666666666
77038.7
14189.85
2731.7833333333333
6617.916666666667
8471.483333333334
6572.666666666667
8947.266666666666
7216.616666666667
5640.75
8542.083333333334
8390.833333333334
7928.033333333334
7689.583333333333
7588.266666666666
66087.78333333334
151497.65
181020.16666666666
72881.58333333333
204335.51666666666
114175.03333333334
68681.85
237322.0
155922.21666666667
31564.483333333334
0.0
25799.683333333334
26232.566666666666
41573.8
9066.183333333332
43650.5
22914.833333333332
11539.1
48936.75
35196.45
6700.816666666667
0.0
3725.5833333333335
3868.0833333333335
3052.483333333333
3973.4333333333334
2761.2833333333333
3451.2166666666667
4070.1833333333334
3308.6
3663.5666666666666
3283.133333333333
3511.0666666666666
17919977.583333332
20350440.45
21861961.8
10068216.75
8064186.95
10319184.366666667
9211424.916666666
9296133.1
6592908.2
5143132.266666667
15154236.333333334
0.0
0.0
936.3666666666667
185.85
0.0
0.0
0.0
0.0
0.0
0.0
0.0
3569633.2666666666
15146793.966666667
17525037.0
14061297.466666667
16086733.366666667
12764711.233333332
1205624.45
2549455.0
17965321.5
15246288.083333334
3730541.85
2336.0333333333333
3167.4666666666667
2788.133333333333
3192.7166666666667
2677.3333333333335
3057.4
2810.8166666666666
2964.05
2984.0
3055.05
3127.3
30213.783333333333
51498.55
46753.3
42642.8
49007.01666666667
44791.2
34418.316666666666
52526.28333333333
41172.01666666667
23551.3
69748.0
229774.6
230372.01666666666
200474.63333333333
240086.9
228954.9
221098.85
241227.43333333332
233715.88333333333
178182.91666666666
131908.1
382442.55
611.75
592.0166666666667
465.75
366.75
719.6
398.4166666666667
602.6333333333333
476.0833333333333
453.25
80.23333333333333
723.6666666666666
14754.533333333333
63305.55
26155.85
11804.55
67597.48333333334
28176.25
11810.85
59808.25
31231.816666666666
8256.066666666668
336.48333333333335
6757.35
5362.733333333334
4669.066666666667
6047.65
3347.883333333333
6399.05
4969.466666666666
7373.033333333334
6492.466666666666
10189.083333333334
11130.166666666666
958716.7666666667
1044855.9
1149659.5
1364621.5166666666
1985468.3833333333
1369538.8333333333
694396.65
729131.9
1208783.3
1309836.95
1770350.35
85538.88333333333
685839.45
485611.73333333334
104205.28333333334
0.0
0.0
0.0
0.0
0.0
0.0
26.833333333333332
25.583333333333332
14.25
11.816666666666666
38.18333333333333
0.0
0.0
105.93333333333334
87.76666666666667
87.95
119.76666666666667
122.68333333333334
70.73333333333333
74.26666666666667
84.01666666666667
98.21666666666667
89.06666666666666
87.13333333333334
76.6
49.43333333333333
83.2
71.51666666666667
75.98333333333333
66.21666666666667
62.31666666666667
62.016666666666666
87.58333333333333
68.6
57.68333333333333
2799.4333333333334
2560.866666666667
1901.3666666666666
2592.6833333333334
2435.75
1588.2166666666667
1871.2166666666667
1586.25
1769.4
1637.4166666666667
1073.3833333333334
3308.6666666666665
3332.5666666666666
2670.866666666667
2042.5666666666666
2891.866666666667
1269.7166666666667
2256.95
1144.0166666666667
1017.4666666666667
1405.95
540.5666666666667
21613.65
21709.416666666668
19258.15
20543.85
21580.7
20081.066666666666
22605.35
23274.95
19881.266666666666
25920.633333333335
20851.833333333332
639.75
663.7166666666667
534.5666666666667
787.75
591.8833333333333
609.3166666666667
738.0666666666667
690.6333333333333
619.6333333333333
564.1
801.2166666666667
11901.416666666666
10797.75
10154.366666666667
11216.433333333332
10375.1
9750.466666666667
10968.95
11156.766666666666
11382.216666666667
8990.3
11942.75
0.0
16.666666666666668
16.666666666666668
16.666666666666668
16.666666666666668
25.083333333333332
19.9
41.65
76.13333333333334
64.88333333333334
84.05
5.8
10.866666666666667
0.0
16.666666666666668
0.0
0.0
0.0
49.61666666666667
0.38333333333333336
0.0
50.0
0.0
0.0
33.333333333333336
0.0
0.0
16.666666666666668
0.0
0.0
48.31666666666667
92.01666666666667
94.2
74.75
89.93333333333334
92.41666666666667
105.06666666666666
82.4
107.5
72.86666666666666
166.3
3.066666666666667
43.666666666666664
30.983333333333334
29.383333333333333
26.233333333333334
44.583333333333336
22.083333333333332
50.0
2.7333333333333334
19.833333333333332
9347.983333333334
7576.783333333334
7170.25
8573.616666666667
8882.35
7803.283333333334
7535.45
7042.333333333333
7323.283333333334
8402.5
10140.05
23749.7
22698.666666666668
22634.633333333335
25413.616666666665
24887.666666666668
21658.4
23560.0
23823.083333333332
22886.933333333334
23016.55
25116.216666666667
19.883333333333333
0.0
16.666666666666668
8.95
20.666666666666668
6.966666666666667
10.833333333333334
22.5
3.9
12.766666666666667
5.55
2182.1666666666665
1927.2333333333333
2683.9166666666665
2188.8333333333335
2156.1833333333334
1846.25
2169.633333333333
1890.0166666666667
2305.85
2482.75
2154.5
244514.38333333333
253632.46666666667
245748.16666666666
251256.96666666667
233832.78333333333
257801.33333333334
258856.75
230393.73333333334
260922.73333333334
235413.35
249139.05
2758.8
3425.883333333333
3668.8166666666666
3157.633333333333
3692.9166666666665
2811.766666666667
3209.35
2780.7166666666667
3623.2
2860.1833333333334
2944.4166666666665
2034.1
2388.116666666667
1358.8333333333333
2134.4166666666665
1690.5
1357.3833333333334
1396.6166666666666
1673.6166666666666
1256.7333333333333
1066.0166666666667
965.25
100082.05
101170.8
107293.81666666667
100182.18333333333
95343.38333333333
102337.0
94262.71666666666
105724.16666666667
105302.58333333333
102252.6
96831.98333333334
31852.683333333334
30936.566666666666
28967.433333333334
29036.75
32104.716666666667
28485.016666666666
30304.3
33209.666666666664
30083.85
30210.383333333335
33543.066666666666
85138.8
78336.46666666666
77101.7
78161.5
78184.25
81589.61666666667
79140.1
76983.36666666667
75447.75
82048.18333333333
81886.96666666666
11670371.433333334
12086859.916666666
12251136.85
11956416.983333332
12040608.083333334
11968130.833333334
12161534.083333334
11839694.566666666
12248025.0
11805234.933333334
12225347.25
8609886.833333334
8787939.583333334
8851126.016666668
8536276.366666667
8689124.15
8703436.483333332
8621437.5
8720131.5
8510034.0
8427408.4
8630994.066666666
660255.6333333333
713238.6666666666
680194.1833333333
670853.9
692817.2833333333
695891.7
647778.3833333333
672742.5
677297.2666666667
703122.1666666666
701894.8666666667
16567469.5
16943841.65
16439263.383333333
16599279.1
17057551.75
16900979.966666665
16352647.383333333
16737378.083333334
16732104.683333334
16583224.6
16062864.016666668
1041655.7166666667
1023272.3166666667
1039144.8833333333
1027991.5833333334
1044848.6833333333
1034297.8666666667
1016441.9833333333
1041084.6333333333
1038224.05
1030236.6333333333
1063892.4666666666
29181001.116666667
29913339.783333335
29448917.0
29870499.65
29364118.283333335
29544973.95
29545916.05
29329938.316666666
29428170.45
29970291.283333335
29266157.833333332
38917.71666666667
29286.116666666665
33027.25
33835.95
37234.45
32223.016666666666
32269.783333333333
32609.9
34750.61666666667
36696.63333333333
41620.13333333333
1420482.9833333334
1400080.95
1407048.1
1410066.0833333333
1376649.4833333334
1379010.2333333334
1355041.85
1358775.8
1351712.7
1393247.0833333333
1352922.1
96952.41666666667
96435.3
97919.63333333333
96046.58333333333
92914.06666666667
93166.71666666666
92621.71666666666
90877.28333333334
94419.0
93274.1
88776.53333333334
1201000.5666666667
1201523.5833333333
1208092.6166666667
1190136.1833333333
1191348.35
1211583.6
1220615.3333333333
1237136.4333333333
1215201.2
1216755.65
1198913.1166666667
10538974.616666667
10490141.016666668
10471481.916666666
10690892.1
10542083.216666667
10612094.033333333
10591583.3
10660398.433333334
10511054.116666667
10658076.833333334
10616213.216666667
1506.8833333333334
1151.3333333333333
1323.4666666666667
1289.5
1003.1
793.5666666666667
1301.1
1273.0166666666667
1184.2166666666667
1056.6
911.9333333333333
2637.4333333333334
2205.3
2860.25
1972.6166666666666
2731.0666666666666
2159.483333333333
2626.116666666667
1721.25
2551.3166666666666
2993.1
2312.866666666667
725.5
586.9833333333333
467.2
452.5833333333333
684.7
591.4833333333333
569.1833333333333
533.6166666666667
591.9166666666666
591.2666666666667
532.25
22.916666666666668
0.0
0.0
2733.9
2210.5333333333333
3317.2166666666667
2404.7833333333333
2357.6833333333334
3041.15
2893.766666666667
1931.3833333333334
2244.8
2052.6666666666665
2189.5833333333335
2899.016666666667
2271.3333333333335
3744.3166666666666
2986.85
3142.5666666666666
2926.866666666667
3109.6
3056.883333333333
2939.616666666667
3255.95
2952.45
49.55
69.8
75.05
73.46666666666667
50.8
73.95
42.18333333333333
59.416666666666664
104.76666666666667
58.45
63.65
68.56666666666666
139.16666666666666
101.86666666666666
113.38333333333334
114.75
45.266666666666666
102.33333333333333
75.96666666666667
162.61666666666667
94.0
72.96666666666667
238.06666666666666
226.1
246.96666666666667
213.05
197.45
246.9
293.1
242.38333333333333
210.06666666666666
286.65
256.75
2871.616666666667
2730.4166666666665
4051.4166666666665
3920.75
2123.383333333333
727.95
2458.866666666667
1495.9333333333334
1925.5333333333333
910.8666666666667
2036.3333333333333
973.7333333333333
691.0333333333333
989.1333333333333
770.7166666666667
975.5666666666667
848.7166666666667
873.3666666666667
731.85
1153.1666666666667
921.6833333333333
800.5666666666667
867.1833333333333
634.9833333333333
605.6333333333333
1340.5666666666666
1258.7333333333333
653.9833333333333
778.5166666666667
810.0833333333334
712.5333333333333
689.4333333333333
777.25
63.68333333333333
41.733333333333334
64.48333333333333
70.66666666666667
88.01666666666667
48.25
71.78333333333333
31.0
63.88333333333333
64.31666666666666
59.18333333333333
528.5
993.65
158.28333333333333
703.4166666666666
656.9166666666666
509.25
655.0
609.5833333333334
604.7666666666667
639.7
575.3333333333334
869.0666666666667
1055.55
570.4166666666666
1007.2833333333333
887.6666666666666
703.7666666666667
909.7
861.5666666666667
927.0666666666667
958.3166666666667
617.6166666666667
0.0
34.1
16.666666666666668
42.43333333333333
62.1
40.516666666666666
58.46666666666667
13.583333333333334
41.233333333333334
16.666666666666668
27.483333333333334
35920.26666666667
33260.3
38531.566666666666
34877.066666666666
33178.566666666666
38792.566666666666
34355.28333333333
35263.9
36496.25
36179.36666666667
36420.73333333333
67542.66666666667
73813.83333333333
65661.58333333333
69720.85
72466.15
68696.21666666666
67750.5
72354.3
71178.48333333334
73197.08333333333
69206.93333333333
1883.8333333333333
1933.5
2093.5833333333335
1985.45
2847.866666666667
2242.016666666667
1900.05
1998.4333333333334
2070.0333333333333
2167.2833333333333
2328.9
2575.75
2536.3166666666666
3080.766666666667
3302.7166666666667
3448.133333333333
3120.1
2814.0333333333333
2641.7166666666667
2872.95
3295.75
3298.9166666666665
49.2
88.86666666666666
116.41666666666667
55.983333333333334
74.61666666666666
49.38333333333333
93.58333333333333
56.0
96.36666666666666
84.56666666666666
46.25
49.31666666666667
127.76666666666667
152.68333333333334
74.88333333333334
78.45
72.61666666666666
129.78333333333333
83.85
113.0
97.1
65.95
11344.783333333333
14766.9
11440.2
13860.533333333333
12478.516666666666
13415.55
13472.7
12704.9
13094.3
13272.283333333333
12850.75
447.8
370.35
318.46666666666664
482.75
286.01666666666665
508.9
274.06666666666666
451.46666666666664
422.8833333333333
333.6666666666667
404.73333333333335
1680.4666666666667
1390.4833333333333
2461.7
2187.9333333333334
1778.15
2181.7166666666667
1915.2666666666667
1876.3333333333333
1503.7833333333333
2515.3166666666666
1927.6666666666667
1929.95
1860.1666666666667
2383.2166666666667
1865.9666666666667
2373.133333333333
1901.0666666666666
1989.1166666666666
1973.1166666666666
1566.0833333333333
2706.9666666666667
1536.85
19076.133333333335
21888.583333333332
17757.516666666666
21388.116666666665
22149.866666666665
20409.766666666666
18625.616666666665
21674.816666666666
19980.633333333335
20753.4
20380.95
19882.45
22029.25
20835.733333333334
21776.133333333335
22762.883333333335
20372.916666666668
19712.65
21781.966666666667
23054.633333333335
19726.433333333334
20438.65
190.13333333333333
166.58333333333334
171.93333333333334
190.85
259.01666666666665
172.66666666666666
217.83333333333334
196.85
238.76666666666668
161.41666666666666
197.53333333333333
33419.45
26266.216666666667
27292.9
30357.95
27093.65
29612.1
30683.2
28821.35
25236.416666666668
31766.683333333334
28333.216666666667
2045.3666666666666
2237.2
2035.4833333333333
1846.4166666666667
2086.25
2052.3166666666666
1939.6333333333334
1989.4166666666667
1980.1
1928.9666666666667
1762.2333333333333
12.65
40.016666666666666
32.166666666666664
34.5
33.233333333333334
19.766666666666666
33.333333333333336
16.666666666666668
35.983333333333334
36.916666666666664
16.666666666666668
10.4
37.766666666666666
38.18333333333333
33.333333333333336
38.56666666666667
16.666666666666668
33.333333333333336
16.666666666666668
41.333333333333336
29.5
20.5
21.616666666666667
16.666666666666668
22.083333333333332
16.666666666666668
33.333333333333336
0.0
16.666666666666668
24.1
16.666666666666668
28.95
4.383333333333334
23.933333333333334
16.666666666666668
20.866666666666667
17.783333333333335
27.566666666666666
5.766666666666667
16.666666666666668
24.05
16.666666666666668
33.333333333333336
0.0
16.666666666666668
16.666666666666668
16.666666666666668
10.883333333333333
5.783333333333333
0.0
16.666666666666668
26.416666666666668
24.233333333333334
0.0
33.333333333333336
32444.483333333334
33901.03333333333
34588.816666666666
33031.65
32296.9
33141.75
36391.45
32218.8
34912.8
32916.38333333333
32077.216666666667
0.0
33.333333333333336
33.333333333333336
16.666666666666668
25.35
7.983333333333333
31.0
2.3333333333333335
16.666666666666668
16.033333333333335
0.6333333333333333
1025.6
1273.85
1126.0
1062.0333333333333
1490.1333333333334
1287.7166666666667
1045.0166666666667
1129.2166666666667
1378.6666666666667
1421.5833333333333
1087.25
1241.3333333333333
1311.3
996.5166666666667
1059.2833333333333
1518.3166666666666
1168.0166666666667
1286.75
1140.3
1265.8166666666666
1282.75
1254.9
92536.63333333333
99716.43333333333
99075.35
94135.95
101123.23333333334
92384.6
96844.25
95084.01666666666
96151.38333333333
97794.7
93465.5
291264.0
301184.1
302794.65
295316.01666666666
300446.85
303186.11666666664
290919.0833333333
298857.76666666666
298521.6
300924.75
289072.4
14681.216666666667
17912.333333333332
16798.266666666666
19213.9
13750.7
18368.4
16170.3
15256.75
19462.15
17045.133333333335
16547.616666666665
1397.0833333333333
1557.5666666666666
1580.2666666666667
1456.75
1402.8
1301.1333333333334
1206.4
1390.3
1323.0166666666667
1316.2666666666667
1354.75
28704.066666666666
28167.283333333333
32176.9
34376.75
26203.016666666666
27087.533333333333
24071.0
26679.183333333334
31469.45
34708.71666666667
31263.733333333334
46867.566666666666
37957.21666666667
40235.683333333334
47110.95
35323.8
37830.916666666664
36161.65
34545.083333333336
37194.55
42825.55
37619.9
26285.933333333334
25706.7
30401.033333333333
30928.7
31854.033333333333
26671.483333333334
24788.883333333335
29707.033333333333
33319.5
26390.7
26887.35
51512.53333333333
46506.833333333336
46330.5
53682.28333333333
49367.183333333334
41421.05
43675.816666666666
47767.583333333336
57757.816666666666
49230.85
46037.35
505353.05
536684.4333333333
523918.9166666667
554453.3833333333
555093.0666666667
520978.8333333333
558129.3666666667
506526.2166666667
572428.6833333333
532015.6666666666
532894.7666666667
5420.95
5638.6
4912.066666666667
5210.016666666666
4972.033333333334
5378.0
4900.916666666667
5355.466666666666
4937.466666666666
4509.383333333333
4921.716666666666
90802726.2
91091986.98333333
90683356.71666667
90911370.33333333
90432596.83333333
89949694.33333333
90515981.55
90823478.8
91002403.45
91504787.28333333
91459033.61666666
17975647.516666666
17869030.466666665
18052249.533333335
18322823.666666668
17799836.75
18087048.916666668
18058882.3
18057708.783333335
18066957.9
18263228.466666665
18202367.483333334
3308535.533333333
3370007.6166666667
3363467.5166666666
3374919.066666667
3359075.8666666667
3352866.35
3320910.7
3319788.75
3393564.8
3305940.316666667
3372277.95
103081.73333333334
111162.58333333333
108454.9
109749.55
111828.11666666667
108529.56666666667
108816.11666666667
125850.25
121957.56666666667
118083.45
100086.2
730.3666666666667
823.1166666666667
638.7333333333333
727.95
701.2333333333333
1030.0833333333333
530.2666666666667
845.4
608.5333333333333
970.65
1459.6166666666666
1723.1833333333334
4224.233333333334
2807.55
2066.133333333333
2373.233333333333
3514.133333333333
1764.1166666666666
2537.383333333333
2353.2833333333333
2577.2833333333333
4784.15
97.38333333333334
148.63333333333333
97.45
129.38333333333333
95.6
148.15
137.4
178.6
96.55
124.13333333333334
83.88333333333334
5290.716666666666
4533.916666666667
5418.333333333333
4896.65
7440.45
4168.783333333334
4706.45
5896.8
6438.883333333333
9902.433333333332
8232.816666666668
16.666666666666668
33.333333333333336
0.0
19.95
16.95
13.1
0.0
16.666666666666668
0.0
3355.45
3176.883333333333
2091.866666666667
3141.516666666667
5723.466666666666
2776.5333333333333
2363.0666666666666
2667.1
3347.766666666667
4242.766666666666
4881.683333333333
1707.1666666666667
1612.4166666666667
8405.516666666666
3621.2833333333333
3134.516666666667
1402.25
2301.0333333333333
6286.466666666666
2110.1666666666665
1189.5166666666667
1101.6166666666666
202187.36666666667
204212.2
203959.0
201244.65
202369.11666666667
202121.0
204438.28333333333
208522.48333333334
206055.33333333334
205263.4
203238.75
1269845.6333333333
1284701.45
1277068.0166666666
1260641.0
1274341.3
1285500.5
1297314.6166666667
1307987.1
1304070.8
1317023.2333333334
1280932.5
138.01666666666668
248.35
182.16666666666666
302.78333333333336
192.11666666666667
212.43333333333334
228.33333333333334
182.68333333333334
227.73333333333332
197.36666666666667
270.4166666666667
1608.4
2092.983333333333
1929.7333333333333
2292.133333333333
2217.1
1572.05
2095.55
1957.7
2236.2166666666667
1914.4833333333333
2807.266666666667
10911644.6
10957246.083333334
10706546.6
10905885.083333334
10769408.0
10659711.966666667
11066153.25
10643794.5
11003136.683333334
10578886.116666667
11119976.233333332
74589.68333333333
76481.11666666667
79029.85
80342.78333333334
64515.083333333336
73712.08333333333
62991.88333333333
74013.13333333333
82484.28333333334
107130.9
95833.46666666666
721235.0166666667
918824.3166666667
1029514.5833333334
987183.45
881084.35
948440.9166666666
864128.2666666667
777624.4166666666
1040225.7833333333
1826891.6166666667
2294374.433333333
276755.43333333335
402367.7833333333
440173.26666666666
424438.56666666665
381697.3333333333
422169.2166666667
413119.7833333333
474715.5833333333
523198.23333333334
535972.95
604257.7333333333
32.56666666666667
0.0
0.0
721794.5833333334
740943.3166666667
730520.2333333333
727998.55
728193.05
737713.0833333334
740048.5166666667
718537.9666666667
736543.1
717217.2666666667
735249.0
31.283333333333335
0.0
16.666666666666668
16.666666666666668
0.0
0.0
32.016666666666666
28.183333333333334
0.0
50.21666666666667
67.18333333333334
71.6
32.75
31.766666666666666
48.96666666666667
68.03333333333333
50.7
78.3
78.86666666666666
62.78333333333333
188.05
421.18333333333334
375.0833333333333
461.75
396.26666666666665
261.26666666666665
188.26666666666668
205.76666666666668
248.75
2675.05
1863.3666666666666
686.2666666666667
1081.55
1197.2833333333333
993.9666666666667
848.7
1100.5333333333333
682.75
1068.65
556.9833333333333
902.8
1240.1
1138.1166666666666
1159.5
1093.2166666666667
1506.0333333333333
1635.9166666666667
2707.366666666667
2164.0833333333335
1497.5833333333333
1680.8
2717556.2333333334
2780278.5833333335
2785556.35
2810931.316666667
2805651.6666666665
2784103.933333333
2773696.7
2780507.6666666665
2846514.466666667
2746069.1
2823012.316666667
26.616666666666667
44.583333333333336
30.233333333333334
30.016666666666666
46.0
38.516666666666666
0.0
33.333333333333336
37.833333333333336
33.333333333333336
33.333333333333336
28.933333333333334
38.233333333333334
25.966666666666665
40.7
33.4
33.333333333333336
0.0
25.45
41.21666666666667
32.71666666666667
33.95
176.2
207.21666666666667
212.08333333333334
204.41666666666666
187.15
174.65
238.3
191.51666666666668
191.9
234.46666666666667
170.8
14776.566666666668
10220.55
22059.983333333334
36833.35
5943.85
3467.45
13694.583333333334
7384.25
10385.7
11199.983333333334
9281.416666666666
2200.2833333333333
2527.5833333333335
2340.1666666666665
1986.2166666666667
2130.7833333333333
2195.6666666666665
2670.1
2468.733333333333
3324.233333333333
2112.883333333333
2021.0833333333333

Process finished with exit code 0
